0 0.20192307692307693 0.5384615384615384 0.0625 0.13221153846153846
0 0.16346153846153846 0.7548076923076923 0.07451923076923077 0.07211538461538461
0 0.2668269230769231 0.6610576923076923 0.10576923076923077 0.057692307692307696
0 0.2956730769230769 0.7259615384615384 0.0985576923076923 0.07451923076923077
0 0.3798076923076923 0.7163461538461539 0.04807692307692308 0.0985576923076923
0 0.38461538461538464 0.6033653846153846 0.11298076923076923 0.13701923076923078
0 0.31490384615384615 0.5576923076923077 0.09134615384615384 0.09615384615384616
0 0.2548076923076923 0.4831730769230769 0.0889423076923077 0.11778846153846154
0 0.6153846153846154 0.5961538461538461 0.07932692307692307 0.10576923076923077
0 0.6129807692307693 0.6923076923076923 0.125 0.08653846153846154
0 0.5456730769230769 0.7548076923076923 0.11057692307692307 0.057692307692307696
0 0.47836538461538464 0.5841346153846154 0.11298076923076923 0.10336538461538461
0 0.43509615384615385 0.4807692307692308 0.08653846153846154 0.09134615384615384
0 0.5408653846153846 0.49038461538461536 0.08173076923076923 0.06490384615384616
0 0.5240384615384616 0.43990384615384615 0.09615384615384616 0.07211538461538461
0 0.36778846153846156 0.40625 0.055288461538461536 0.10817307692307693
0 0.40625 0.33413461538461536 0.04807692307692308 0.08653846153846154
0 0.7115384615384616 0.7620192307692307 0.1201923076923077 0.07211538461538461
0 0.46875 0.30528846153846156 0.0625 0.09134615384615384
0 0.2980769230769231 0.3581730769230769 0.0889423076923077 0.06009615384615385