0 0.19471153846153846 0.5288461538461539 0.0673076923076923 0.1466346153846154
0 0.2668269230769231 0.6538461538461539 0.09134615384615384 0.057692307692307696
0 0.2980769230769231 0.7211538461538461 0.09375 0.07932692307692307
0 0.3798076923076923 0.6009615384615384 0.11298076923076923 0.125
0 0.3317307692307692 0.5336538461538461 0.08653846153846154 0.10576923076923077
0 0.2403846153846154 0.4831730769230769 0.0985576923076923 0.10817307692307693
0 0.4375 0.47596153846153844 0.0625 0.11057692307692307
0 0.3701923076923077 0.4014423076923077 0.052884615384615384 0.09615384615384616
0 0.3004807692307692 0.35096153846153844 0.06009615384615385 0.052884615384615384
0 0.47596153846153844 0.5865384615384616 0.11057692307692307 0.08653846153846154
0 0.5552884615384616 0.7524038461538461 0.10576923076923077 0.09615384615384616
0 0.6129807692307693 0.5961538461538461 0.08653846153846154 0.10576923076923077
0 0.5841346153846154 0.53125 0.07451923076923077 0.10336538461538461
0 0.5360576923076923 0.47115384615384615 0.08413461538461539 0.06009615384615385
0 0.5192307692307693 0.43509615384615385 0.09615384615384616 0.0673076923076923
0 0.15865384615384615 0.7451923076923077 0.055288461538461536 0.06490384615384616
0 0.7283653846153846 0.7524038461538461 0.09375 0.08173076923076923
0 0.40384615384615385 0.3245192307692308 0.04807692307692308 0.08173076923076923
0 0.46875 0.2932692307692308 0.057692307692307696 0.08413461538461539