0 0.16346153846153846 0.5961538461538461 0.0889423076923077 0.12980769230769232
0 0.5865384615384616 0.7331730769230769 0.2283653846153846 0.15625
0 0.44471153846153844 0.5649038461538461 0.11057692307692307 0.19230769230769232
0 0.3076923076923077 0.6754807692307693 0.08653846153846154 0.13221153846153846
0 0.23798076923076922 0.6370192307692307 0.10336538461538461 0.12980769230769232
0 0.18269230769230768 0.7259615384615384 0.11298076923076923 0.0985576923076923
0 0.38221153846153844 0.7379807692307693 0.19230769230769232 0.13701923076923078
0 0.6418269230769231 0.6370192307692307 0.1346153846153846 0.16105769230769232
0 0.7283653846153846 0.5697115384615384 0.17307692307692307 0.11538461538461539
0 0.25721153846153844 0.5216346153846154 0.09134615384615384 0.08653846153846154
0 0.3389423076923077 0.5216346153846154 0.10576923076923077 0.06490384615384616
0 0.04567307692307692 0.6682692307692307 0.09134615384615384 0.10096153846153846