2 0.2956730769230769 0.7211538461538461 0.5865384615384616 0.22596153846153846
2 0.5576923076923077 0.6466346153846154 0.5721153846153846 0.37740384615384615
2 0.7908653846153846 0.5504807692307693 0.41586538461538464 0.3701923076923077
2 0.8870192307692307 0.38221153846153844 0.22355769230769232 0.27403846153846156
2 0.23798076923076922 0.49038461538461536 0.39903846153846156 0.24519230769230768
2 0.43990384615384615 0.37740384615384615 0.30528846153846156 0.19951923076923078
2 0.6394230769230769 0.2932692307692308 0.27403846153846156 0.15384615384615385
2 0.20673076923076922 0.2764423076923077 0.2403846153846154 0.15384615384615385
2 0.38221153846153844 0.21394230769230768 0.23557692307692307 0.12740384615384615
2 0.5889423076923077 0.18509615384615385 0.25 0.17067307692307693
2 0.7475961538461539 0.20432692307692307 0.18509615384615385 0.1971153846153846
2 0.8990384615384616 0.19951923076923078 0.19951923076923078 0.18990384615384615