2 0.36538461538461536 0.20673076923076922 0.22115384615384615 0.12259615384615384
2 0.23317307692307693 0.3894230769230769 0.12259615384615384 0.22355769230769232
2 0.33413461538461536 0.5625 0.1658653846153846 0.0889423076923077
2 0.31490384615384615 0.6394230769230769 0.16826923076923078 0.1201923076923077
2 0.5168269230769231 0.7620192307692307 0.13221153846153846 0.21394230769230768
2 0.3701923076923077 0.8100961538461539 0.16346153846153846 0.15144230769230768
2 0.2932692307692308 0.8341346153846154 0.12740384615384615 0.1971153846153846
2 0.46634615384615385 0.9278846153846154 0.11057692307692307 0.12259615384615384
2 0.4230769230769231 0.4639423076923077 0.11057692307692307 0.1658653846153846
2 0.6586538461538461 0.44711538461538464 0.11298076923076923 0.1971153846153846
2 0.5408653846153846 0.43028846153846156 0.14423076923076922 0.23317307692307693
2 0.4735576923076923 0.24759615384615385 0.16826923076923078 0.12259615384615384
2 0.34134615384615385 0.34615384615384615 0.10817307692307693 0.13701923076923078
2 0.6971153846153846 0.7716346153846154 0.22596153846153846 0.15625