2 0.7716346153846154 0.49038461538461536 0.1466346153846154 0.2932692307692308
2 0.90625 0.35096153846153844 0.16826923076923078 0.22355769230769232
2 0.5600961538461539 0.53125 0.2548076923076923 0.17307692307692307
2 0.5649038461538461 0.3701923076923077 0.12740384615384615 0.19230769230769232
2 0.31971153846153844 0.53125 0.2644230769230769 0.1658653846153846
2 0.3076923076923077 0.6850961538461539 0.17548076923076922 0.18990384615384615
2 0.1778846153846154 0.6923076923076923 0.2548076923076923 0.1658653846153846
2 0.46153846153846156 0.33413461538461536 0.11538461538461539 0.1971153846153846
2 0.625 0.6995192307692307 0.17548076923076922 0.15865384615384615
2 0.1658653846153846 0.4014423076923077 0.23076923076923078 0.12740384615384615
2 0.24278846153846154 0.4110576923076923 0.11057692307692307 0.10576923076923077
2 0.09615384615384616 0.5240384615384616 0.16105769230769232 0.15144230769230768